<Qucs Dataset 0.0.19>
<indep time 101>
  +0.00000000000000000000e+00
  +2.00000000000000004163e-02
  +4.00000000000000008327e-02
  +5.99999999999999977796e-02
  +8.00000000000000016653e-02
  +1.00000000000000005551e-01
  +1.19999999999999995559e-01
  +1.40000000000000013323e-01
  +1.60000000000000003331e-01
  +1.79999999999999993339e-01
  +2.00000000000000011102e-01
  +2.20000000000000001110e-01
  +2.39999999999999991118e-01
  +2.60000000000000008882e-01
  +2.80000000000000026645e-01
  +2.99999999999999988898e-01
  +3.20000000000000006661e-01
  +3.40000000000000024425e-01
  +3.59999999999999986677e-01
  +3.80000000000000004441e-01
  +4.00000000000000022204e-01
  +4.19999999999999984457e-01
  +4.40000000000000002220e-01
  +4.60000000000000019984e-01
  +4.79999999999999982236e-01
  +5.00000000000000000000e-01
  +5.20000000000000017764e-01
  +5.40000000000000035527e-01
  +5.60000000000000053291e-01
  +5.79999999999999960032e-01
  +5.99999999999999977796e-01
  +6.19999999999999995559e-01
  +6.40000000000000013323e-01
  +6.60000000000000031086e-01
  +6.80000000000000048850e-01
  +7.00000000000000066613e-01
  +7.19999999999999973355e-01
  +7.39999999999999991118e-01
  +7.60000000000000008882e-01
  +7.80000000000000026645e-01
  +8.00000000000000044409e-01
  +8.20000000000000062172e-01
  +8.39999999999999968914e-01
  +8.59999999999999986677e-01
  +8.80000000000000004441e-01
  +9.00000000000000022204e-01
  +9.20000000000000039968e-01
  +9.40000000000000057732e-01
  +9.59999999999999964473e-01
  +9.79999999999999982236e-01
  +1.00000000000000000000e+00
  +1.02000000000000001776e+00
  +1.04000000000000003553e+00
  +1.06000000000000005329e+00
  +1.08000000000000007105e+00
  +1.10000000000000008882e+00
  +1.12000000000000010658e+00
  +1.14000000000000012434e+00
  +1.15999999999999992006e+00
  +1.17999999999999993783e+00
  +1.19999999999999995559e+00
  +1.21999999999999997335e+00
  +1.23999999999999999112e+00
  +1.26000000000000000888e+00
  +1.28000000000000002665e+00
  +1.30000000000000004441e+00
  +1.32000000000000006217e+00
  +1.34000000000000007994e+00
  +1.36000000000000009770e+00
  +1.38000000000000011546e+00
  +1.40000000000000013323e+00
  +1.41999999999999992895e+00
  +1.43999999999999994671e+00
  +1.45999999999999996447e+00
  +1.47999999999999998224e+00
  +1.50000000000000000000e+00
  +1.52000000000000001776e+00
  +1.54000000000000003553e+00
  +1.56000000000000005329e+00
  +1.58000000000000007105e+00
  +1.60000000000000008882e+00
  +1.62000000000000010658e+00
  +1.64000000000000012434e+00
  +1.66000000000000014211e+00
  +1.67999999999999993783e+00
  +1.69999999999999995559e+00
  +1.71999999999999997335e+00
  +1.73999999999999999112e+00
  +1.76000000000000000888e+00
  +1.78000000000000002665e+00
  +1.80000000000000004441e+00
  +1.82000000000000006217e+00
  +1.84000000000000007994e+00
  +1.86000000000000009770e+00
  +1.88000000000000011546e+00
  +1.90000000000000013323e+00
  +1.91999999999999992895e+00
  +1.93999999999999994671e+00
  +1.95999999999999996447e+00
  +1.97999999999999998224e+00
  +2.00000000000000000000e+00
</indep>
<dep V1.It time>
  -1.95920435113522374213e-03
  -1.99281107545962437450e-03
  -2.02515511522882154724e-03
  -2.05577617913665390559e-03
  -2.08427273737414684579e-03
  -2.11030326991153106483e-03
  -2.13358483268927257015e-03
  -2.15388940819369930496e-03
  -2.17103862867730002320e-03
  -2.18489753460002645441e-03
  -2.19536805434459919226e-03
  -2.20238286466295767746e-03
  -2.20590021891836109147e-03
  -2.20590021891829343725e-03
  -2.20238286466275037800e-03
  -2.19536805434423923714e-03
  -2.18489753459949562903e-03
  -2.17103862867657577615e-03
  -2.15388940819275735011e-03
  -2.13358483268809382555e-03
  -2.11030326991010468846e-03
  -2.08427273737247066923e-03
  -2.05577617913471231634e-03
  -2.02515511522665357658e-03
  -1.99281107545725214014e-03
  -1.95920435113371366534e-03
  -1.92484975979181514513e-03
  -1.89030930781416538905e-03
  -1.85618183930486490771e-03
  -1.82308996090550876762e-03
  -1.79166471581542656802e-03
  -1.76252863256594468830e-03
  -1.73627788490575548849e-03
  -1.71346436248678282363e-03
  -1.69457846631132307523e-03
  -1.68003341056798720723e-03
  -1.67015173919145450132e-03
  -1.66515465889074476893e-03
  -1.66515465889096464513e-03
  -1.67015173919210849207e-03
  -1.68003341056905796530e-03
  -1.69457846631278349556e-03
  -1.71346436248859300758e-03
  -1.73627788490787076693e-03
  -1.76252863256830998376e-03
  -1.79166471581798311674e-03
  -1.82308996090819108379e-03
  -1.85618183930760924025e-03
  -1.89030930781690451742e-03
  -1.92484975979449095609e-03
  -1.95920435113626847934e-03
  -1.99281107545963651756e-03
  -2.02515511522883065454e-03
  -2.05577617913665390559e-03
  -2.08427273737415985622e-03
  -2.11030326991153583532e-03
  -2.13358483268927257015e-03
  -2.15388940819369887128e-03
  -2.17103862867730002320e-03
  -2.18489753460002602073e-03
  -2.19536805434459962594e-03
  -2.20238286466295767746e-03
  -2.20590021891836109147e-03
  -2.20590021891829343725e-03
  -2.20238286466275037800e-03
  -2.19536805434423923714e-03
  -2.18489753459949562903e-03
  -2.17103862867657577615e-03
  -2.15388940819275691643e-03
  -2.13358483268809295819e-03
  -2.11030326991010425478e-03
  -2.08427273737247023555e-03
  -2.05577617913471231634e-03
  -2.02515511522665357658e-03
  -1.99281107545725214014e-03
  -1.95920435113371409902e-03
  -1.92484975979181514513e-03
  -1.89030930781416538905e-03
  -1.85618183930486555823e-03
  -1.82308996090550898446e-03
  -1.79166471581542743538e-03
  -1.76252863256594447146e-03
  -1.73627788490575548849e-03
  -1.71346436248678282363e-03
  -1.69457846631132329207e-03
  -1.68003341056798742408e-03
  -1.67015173919145450132e-03
  -1.66515465889074476893e-03
  -1.66515465889096464513e-03
  -1.67015173919210849207e-03
  -1.68003341056905796530e-03
  -1.69457846631278349556e-03
  -1.71346436248859322442e-03
  -1.73627788490787141745e-03
  -1.76252863256830955008e-03
  -1.79166471581798311674e-03
  -1.82308996090819065011e-03
  -1.85618183930760902341e-03
  -1.89030930781690430058e-03
  -1.92484975979449073925e-03
  -1.95920435113626847934e-03
</dep>
<dep V2.It time>
  -1.95920435113522374213e-03
  -1.99281107545962437450e-03
  -2.02515511522882154724e-03
  -2.05577617913665390559e-03
  -2.08427273737414684579e-03
  -2.11030326991153106483e-03
  -2.13358483268927257015e-03
  -2.15388940819369930496e-03
  -2.17103862867730002320e-03
  -2.18489753460002645441e-03
  -2.19536805434459919226e-03
  -2.20238286466295767746e-03
  -2.20590021891836109147e-03
  -2.20590021891829343725e-03
  -2.20238286466275037800e-03
  -2.19536805434423923714e-03
  -2.18489753459949562903e-03
  -2.17103862867657577615e-03
  -2.15388940819275735011e-03
  -2.13358483268809382555e-03
  -2.11030326991010468846e-03
  -2.08427273737247066923e-03
  -2.05577617913471231634e-03
  -2.02515511522665357658e-03
  -1.99281107545725214014e-03
  -1.95920435113371366534e-03
  -1.92484975979181514513e-03
  -1.89030930781416538905e-03
  -1.85618183930486490771e-03
  -1.82308996090550876762e-03
  -1.79166471581542656802e-03
  -1.76252863256594468830e-03
  -1.73627788490575548849e-03
  -1.71346436248678282363e-03
  -1.69457846631132307523e-03
  -1.68003341056798720723e-03
  -1.67015173919145450132e-03
  -1.66515465889074476893e-03
  -1.66515465889096464513e-03
  -1.67015173919210849207e-03
  -1.68003341056905796530e-03
  -1.69457846631278349556e-03
  -1.71346436248859300758e-03
  -1.73627788490787076693e-03
  -1.76252863256830998376e-03
  -1.79166471581798311674e-03
  -1.82308996090819108379e-03
  -1.85618183930760924025e-03
  -1.89030930781690451742e-03
  -1.92484975979449095609e-03
  -1.95920435113626847934e-03
  -1.99281107545963651756e-03
  -2.02515511522883065454e-03
  -2.05577617913665390559e-03
  -2.08427273737415985622e-03
  -2.11030326991153583532e-03
  -2.13358483268927257015e-03
  -2.15388940819369887128e-03
  -2.17103862867730002320e-03
  -2.18489753460002602073e-03
  -2.19536805434459962594e-03
  -2.20238286466295767746e-03
  -2.20590021891836109147e-03
  -2.20590021891829343725e-03
  -2.20238286466275037800e-03
  -2.19536805434423923714e-03
  -2.18489753459949562903e-03
  -2.17103862867657577615e-03
  -2.15388940819275691643e-03
  -2.13358483268809295819e-03
  -2.11030326991010425478e-03
  -2.08427273737247023555e-03
  -2.05577617913471231634e-03
  -2.02515511522665357658e-03
  -1.99281107545725214014e-03
  -1.95920435113371409902e-03
  -1.92484975979181514513e-03
  -1.89030930781416538905e-03
  -1.85618183930486555823e-03
  -1.82308996090550898446e-03
  -1.79166471581542743538e-03
  -1.76252863256594447146e-03
  -1.73627788490575548849e-03
  -1.71346436248678282363e-03
  -1.69457846631132329207e-03
  -1.68003341056798742408e-03
  -1.67015173919145450132e-03
  -1.66515465889074476893e-03
  -1.66515465889096464513e-03
  -1.67015173919210849207e-03
  -1.68003341056905796530e-03
  -1.69457846631278349556e-03
  -1.71346436248859322442e-03
  -1.73627788490787141745e-03
  -1.76252863256830955008e-03
  -1.79166471581798311674e-03
  -1.82308996090819065011e-03
  -1.85618183930760902341e-03
  -1.89030930781690430058e-03
  -1.92484975979449073925e-03
  -1.95920435113626847934e-03
</dep>
<dep Base.Vt time>
  +1.49999140581895638036e+01
  +1.49999135194051707032e+01
  +1.49999130391077741820e+01
  +1.49999126233836079791e+01
  +1.49999122745582038618e+01
  +1.49999119913809018101e+01
  +1.49999117695051022991e+01
  +1.49999116022111618207e+01
  +1.49999114812932976548e+01
  +1.49999113980196057128e+01
  +1.49999113440748796933e+01
  +1.49999113124064695768e+01
  +1.49999112979100654997e+01
  +1.49999112979100637233e+01
  +1.49999113124064713531e+01
  +1.49999113440748761406e+01
  +1.49999113980196092655e+01
  +1.49999114812932976548e+01
  +1.49999116022111635971e+01
  +1.49999117695051022991e+01
  +1.49999119913809018101e+01
  +1.49999122745582020855e+01
  +1.49999126233836062028e+01
  +1.49999130391077741820e+01
  +1.49999135194051689268e+01
  +1.49999140581895638036e+01
  +1.49999146457433649715e+01
  +1.49999152691400201576e+01
  +1.49999159129041306215e+01
  +1.49999165598299697422e+01
  +1.49999171918692741912e+01
  +1.49999177910046626039e+01
  +1.49999183400414839440e+01
  +1.49999188232746671900e+01
  +1.49999192270114729553e+01
  +1.49999195399528026940e+01
  +1.49999197534508148522e+01
  +1.49999198616686193475e+01
  +1.49999198616686193475e+01
  +1.49999197534508148522e+01
  +1.49999195399528044703e+01
  +1.49999192270114729553e+01
  +1.49999188232746689664e+01
  +1.49999183400414839440e+01
  +1.49999177910046608275e+01
  +1.49999171918692759675e+01
  +1.49999165598299679658e+01
  +1.49999159129041323979e+01
  +1.49999152691400201576e+01
  +1.49999146457433685242e+01
  +1.49999140581895638036e+01
  +1.49999135194051653741e+01
  +1.49999130391077741820e+01
  +1.49999126233836026501e+01
  +1.49999122745582003091e+01
  +1.49999119913809000337e+01
  +1.49999117695051022991e+01
  +1.49999116022111618207e+01
  +1.49999114812932976548e+01
  +1.49999113980196057128e+01
  +1.49999113440748796933e+01
  +1.49999113124064695768e+01
  +1.49999112979100654997e+01
  +1.49999112979100637233e+01
  +1.49999113124064713531e+01
  +1.49999113440748761406e+01
  +1.49999113980196092655e+01
  +1.49999114812932976548e+01
  +1.49999116022111635971e+01
  +1.49999117695051022991e+01
  +1.49999119913809018101e+01
  +1.49999122745582020855e+01
  +1.49999126233836062028e+01
  +1.49999130391077741820e+01
  +1.49999135194051689268e+01
  +1.49999140581895638036e+01
  +1.49999146457433649715e+01
  +1.49999152691400201576e+01
  +1.49999159129041306215e+01
  +1.49999165598299697422e+01
  +1.49999171918692741912e+01
  +1.49999177910046626039e+01
  +1.49999183400414839440e+01
  +1.49999188232746671900e+01
  +1.49999192270114729553e+01
  +1.49999195399528026940e+01
  +1.49999197534508148522e+01
  +1.49999198616686193475e+01
  +1.49999198616686193475e+01
  +1.49999197534508148522e+01
  +1.49999195399528044703e+01
  +1.49999192270114729553e+01
  +1.49999188232746689664e+01
  +1.49999183400414839440e+01
  +1.49999177910046608275e+01
  +1.49999171918692759675e+01
  +1.49999165598299679658e+01
  +1.49999159129041323979e+01
  +1.49999152691400201576e+01
  +1.49999146457433685242e+01
  +1.49999140581895638036e+01
</dep>
<dep _net3.Vt time>
  +1.49999140581896863722e+01
  +1.49999135194054620257e+01
  +1.49999130391080424118e+01
  +1.49999126233838495637e+01
  +1.49999122745584045902e+01
  +1.49999119913810741167e+01
  +1.49999117695052479604e+01
  +1.49999116022112772839e+01
  +1.49999114812933864727e+01
  +1.49999113980196732143e+01
  +1.49999113440749241022e+01
  +1.49999113124064962221e+01
  +1.49999112979100761578e+01
  +1.49999112979100566179e+01
  +1.49999113124064482605e+01
  +1.49999113440748352843e+01
  +1.49999113980195488693e+01
  +1.49999114812932141660e+01
  +1.49999116022110516866e+01
  +1.49999117695049637433e+01
  +1.49999119913807330562e+01
  +1.49999122745580031335e+01
  +1.49999126233833752764e+01
  +1.49999130391075148339e+01
  +1.49999135194048829334e+01
  +1.49999140581892529411e+01
  +1.49999146457430398982e+01
  +1.49999152691396862025e+01
  +1.49999159129037931137e+01
  +1.49999165598296428925e+01
  +1.49999171918689579996e+01
  +1.49999177910043730577e+01
  +1.49999183400412228195e+01
  +1.49999188232744433691e+01
  +1.49999192270112899905e+01
  +1.49999195399526712436e+01
  +1.49999197534507349161e+01
  +1.49999198616685927021e+01
  +1.49999198616686495455e+01
  +1.49999197534508983409e+01
  +1.49999195399529412498e+01
  +1.49999192270116594727e+01
  +1.49999188232748945637e+01
  +1.49999183400417468448e+01
  +1.49999177910049557028e+01
  +1.49999171918695974881e+01
  +1.49999165598303054736e+01
  +1.49999159129044752348e+01
  +1.49999152691403612181e+01
  +1.49999146457437042557e+01
  +1.49999140581898817715e+01
  +1.49999135194054638021e+01
  +1.49999130391080424118e+01
  +1.49999126233838442346e+01
  +1.49999122745584134719e+01
  +1.49999119913810758931e+01
  +1.49999117695052479604e+01
  +1.49999116022112772839e+01
  +1.49999114812933864727e+01
  +1.49999113980196732143e+01
  +1.49999113440749241022e+01
  +1.49999113124064962221e+01
  +1.49999112979100761578e+01
  +1.49999112979100566179e+01
  +1.49999113124064482605e+01
  +1.49999113440748352843e+01
  +1.49999113980195488693e+01
  +1.49999114812932141660e+01
  +1.49999116022110516866e+01
  +1.49999117695049637433e+01
  +1.49999119913807330562e+01
  +1.49999122745580031335e+01
  +1.49999126233833752764e+01
  +1.49999130391075148339e+01
  +1.49999135194048829334e+01
  +1.49999140581892529411e+01
  +1.49999146457430398982e+01
  +1.49999152691396862025e+01
  +1.49999159129037931137e+01
  +1.49999165598296428925e+01
  +1.49999171918689579996e+01
  +1.49999177910043730577e+01
  +1.49999183400412228195e+01
  +1.49999188232744433691e+01
  +1.49999192270112899905e+01
  +1.49999195399526712436e+01
  +1.49999197534507349161e+01
  +1.49999198616685927021e+01
  +1.49999198616686495455e+01
  +1.49999197534508983409e+01
  +1.49999195399529412498e+01
  +1.49999192270116594727e+01
  +1.49999188232748945637e+01
  +1.49999183400417468448e+01
  +1.49999177910049557028e+01
  +1.49999171918695974881e+01
  +1.49999165598303054736e+01
  +1.49999159129044752348e+01
  +1.49999152691403612181e+01
  +1.49999146457437042557e+01
  +1.49999140581898817715e+01
</dep>
<dep Minus.Vt time>
  +1.07256660158929428839e+00
  +1.08132107620922846003e+00
  +1.08919921380671924638e+00
  +1.09612722847355437139e+00
  +1.10207806310347988799e+00
  +1.10706667653483892266e+00
  +1.11114293368465388845e+00
  +1.11438265683452808474e+00
  +1.11687751137303514781e+00
  +1.11872446578297513042e+00
  +1.12001558023796654595e+00
  +1.12082884172758978636e+00
  +1.12122068057121726525e+00
  +1.12122068057122259432e+00
  +1.12082884172760888219e+00
  +1.12001558023799940855e+00
  +1.11872446578302553455e+00
  +1.11687751137310531391e+00
  +1.11438265683462089939e+00
  +1.11114293368477357049e+00
  +1.10706667653498835868e+00
  +1.10207806310364464508e+00
  +1.09612722847376797830e+00
  +1.08919921380696660407e+00
  +1.08132107620949069471e+00
  +1.07256660158975281050e+00
  +1.06305821859288163189e+00
  +1.05296589760529446522e+00
  +1.04250302008782824714e+00
  +1.03191940445475194288e+00
  +1.02149186007025427614e+00
  +1.01151279740215671588e+00
  +1.00227753997080193393e+00
  +9.94071056488567084131e-01
  +9.87154857629651161233e-01
  +9.81754782956374416614e-01
  +9.78050344190738885075e-01
  +9.76166197566509574735e-01
  +9.76166197566478599512e-01
  +9.78050344190645515319e-01
  +9.81754782956221871970e-01
  +9.87154857629445325884e-01
  +9.94071056488313509192e-01
  +1.00227753997050861301e+00
  +1.01151279740183319689e+00
  +1.02149186006991121722e+00
  +1.03191940445439778173e+00
  +1.04250302008747386395e+00
  +1.05296589760494851973e+00
  +1.06305821859255233974e+00
  +1.07256660158944683303e+00
  +1.08132107620921202873e+00
  +1.08919921380671924638e+00
  +1.09612722847355437139e+00
  +1.10207806310346390077e+00
  +1.10706667653483870062e+00
  +1.11114293368465411049e+00
  +1.11438265683452808474e+00
  +1.11687751137303492577e+00
  +1.11872446578297535247e+00
  +1.12001558023796654595e+00
  +1.12082884172758978636e+00
  +1.12122068057121726525e+00
  +1.12122068057122259432e+00
  +1.12082884172760888219e+00
  +1.12001558023799940855e+00
  +1.11872446578302553455e+00
  +1.11687751137310531391e+00
  +1.11438265683462045530e+00
  +1.11114293368477334845e+00
  +1.10706667653498835868e+00
  +1.10207806310364420099e+00
  +1.09612722847376797830e+00
  +1.08919921380696660407e+00
  +1.08132107620949069471e+00
  +1.07256660158975281050e+00
  +1.06305821859288185394e+00
  +1.05296589760529446522e+00
  +1.04250302008782869123e+00
  +1.03191940445475172083e+00
  +1.02149186007025405409e+00
  +1.01151279740215671588e+00
  +1.00227753997080237802e+00
  +9.94071056488567084131e-01
  +9.87154857629651272255e-01
  +9.81754782956374527636e-01
  +9.78050344190739329164e-01
  +9.76166197566509574735e-01
  +9.76166197566478599512e-01
  +9.78050344190645515319e-01
  +9.81754782956221871970e-01
  +9.87154857629445325884e-01
  +9.94071056488313842259e-01
  +1.00227753997050883505e+00
  +1.01151279740183319689e+00
  +1.02149186006991121722e+00
  +1.03191940445439778173e+00
  +1.04250302008747386395e+00
  +1.05296589760494807564e+00
  +1.06305821859255233974e+00
  +1.07256660158944705508e+00
</dep>
<dep Plus.Vt time>
  +2.13362250454631041663e+00
  +2.13576647463784752290e+00
  +2.13782076012089694572e+00
  +2.13975959874930810045e+00
  +2.14156060550599436354e+00
  +2.14320457082604542975e+00
  +2.14467522181783376567e+00
  +2.14595897196516904870e+00
  +2.14704467796547149305e+00
  +2.14792341676452602783e+00
  +2.14858829152602481827e+00
  +2.14903427210490294286e+00
  +2.14925807338554131221e+00
  +2.14925807338554664128e+00
  +2.14903427210491981825e+00
  +2.14858829152605368407e+00
  +2.14792341676456688404e+00
  +2.14704467796552300740e+00
  +2.14595897196523344164e+00
  +2.14467522181790792857e+00
  +2.14320457082613069488e+00
  +2.14156060550609073090e+00
  +2.13975959874941557004e+00
  +2.13782076012101462936e+00
  +2.13576647463797408832e+00
  +2.13362250454637925046e+00
  +2.13141812086731308185e+00
  +2.12918612356642711347e+00
  +2.12696270244503615743e+00
  +2.12478708727405285472e+00
  +2.12270093794904557427e+00
  +2.12074743649149688451e+00
  +2.11897006508702023808e+00
  +2.11741108900364638501e+00
  +2.11610980824303984704e+00
  +2.11510069128755873180e+00
  +2.11441154853182666784e+00
  +2.11406192989992725018e+00
  +2.11406192989991348341e+00
  +2.11441154853178581163e+00
  +2.11510069128749167433e+00
  +2.11610980824294969693e+00
  +2.11741108900353669497e+00
  +2.11897006508689500492e+00
  +2.12074743649136010504e+00
  +2.12270093794890168937e+00
  +2.12478708727390497302e+00
  +2.12696270244488649936e+00
  +2.12918612356628056403e+00
  +2.13141812086717141739e+00
  +2.13362250454624291507e+00
  +2.13576647463784752290e+00
  +2.13782076012089650163e+00
  +2.13975959874930854454e+00
  +2.14156060550599436354e+00
  +2.14320457082604498567e+00
  +2.14467522181783376567e+00
  +2.14595897196517082506e+00
  +2.14704467796547193714e+00
  +2.14792341676452602783e+00
  +2.14858829152602437418e+00
  +2.14903427210490294286e+00
  +2.14925807338554042403e+00
  +2.14925807338554708537e+00
  +2.14903427210491981825e+00
  +2.14858829152605368407e+00
  +2.14792341676456688404e+00
  +2.14704467796552256331e+00
  +2.14595897196523344164e+00
  +2.14467522181790881675e+00
  +2.14320457082613202715e+00
  +2.14156060550609161908e+00
  +2.13975959874941601413e+00
  +2.13782076012101507345e+00
  +2.13576647463797453241e+00
  +2.13362250454637836228e+00
  +2.13141812086731397002e+00
  +2.12918612356642800165e+00
  +2.12696270244503571334e+00
  +2.12478708727405241063e+00
  +2.12270093794904557427e+00
  +2.12074743649149644042e+00
  +2.11897006508702023808e+00
  +2.11741108900364594092e+00
  +2.11610980824303940295e+00
  +2.11510069128755739953e+00
  +2.11441154853182666784e+00
  +2.11406192989992813835e+00
  +2.11406192989991348341e+00
  +2.11441154853178581163e+00
  +2.11510069128749211842e+00
  +2.11610980824295014102e+00
  +2.11741108900353669497e+00
  +2.11897006508689500492e+00
  +2.12074743649135966095e+00
  +2.12270093794890168937e+00
  +2.12478708727390497302e+00
  +2.12696270244488738754e+00
  +2.12918612356628100812e+00
  +2.13141812086717186148e+00
  +2.13362250454624247098e+00
</dep>
<dep Battery.Vt time>
  +1.10000000000000000000e+01
  +1.12506664671286085166e+01
  +1.14973797743297101448e+01
  +1.17362491053693567267e+01
  +1.19635073482034304249e+01
  +1.21755705045849467183e+01
  +1.23690942118573765640e+01
  +1.25410264855515780624e+01
  +1.26886558510040305947e+01
  +1.28096541049320400418e+01
  +1.29021130325903072844e+01
  +1.29645745014573776643e+01
  +1.29960534568565435620e+01
  +1.29960534568565435620e+01
  +1.29645745014573776643e+01
  +1.29021130325903072844e+01
  +1.28096541049320382655e+01
  +1.26886558510040305947e+01
  +1.25410264855515780624e+01
  +1.23690942118573783404e+01
  +1.21755705045849467183e+01
  +1.19635073482034304249e+01
  +1.17362491053693567267e+01
  +1.14973797743297101448e+01
  +1.12506664671286085166e+01
  +1.10000000000000000000e+01
  +1.07493335328713914834e+01
  +1.05026202256702898552e+01
  +1.02637508946306432733e+01
  +1.00364926517965695751e+01
  +9.82442949541505328170e+00
  +9.63090578814262343599e+00
  +9.45897351444842193757e+00
  +9.31134414899596940529e+00
  +9.19034589506795995817e+00
  +9.09788696740969271559e+00
  +9.03542549854262233566e+00
  +9.00394654314345643797e+00
  +9.00394654314345643797e+00
  +9.03542549854262233566e+00
  +9.09788696740969271559e+00
  +9.19034589506795995817e+00
  +9.31134414899596940529e+00
  +9.45897351444842016122e+00
  +9.63090578814262165963e+00
  +9.82442949541505328170e+00
  +1.00364926517965695751e+01
  +1.02637508946306450497e+01
  +1.05026202256702898552e+01
  +1.07493335328713914834e+01
  +1.10000000000000000000e+01
  +1.12506664671286085166e+01
  +1.14973797743297101448e+01
  +1.17362491053693567267e+01
  +1.19635073482034322012e+01
  +1.21755705045849467183e+01
  +1.23690942118573783404e+01
  +1.25410264855515780624e+01
  +1.26886558510040288184e+01
  +1.28096541049320382655e+01
  +1.29021130325903072844e+01
  +1.29645745014573776643e+01
  +1.29960534568565435620e+01
  +1.29960534568565435620e+01
  +1.29645745014573776643e+01
  +1.29021130325903072844e+01
  +1.28096541049320382655e+01
  +1.26886558510040305947e+01
  +1.25410264855515762861e+01
  +1.23690942118573765640e+01
  +1.21755705045849467183e+01
  +1.19635073482034322012e+01
  +1.17362491053693567267e+01
  +1.14973797743297101448e+01
  +1.12506664671286085166e+01
  +1.10000000000000000000e+01
  +1.07493335328713932597e+01
  +1.05026202256702898552e+01
  +1.02637508946306450497e+01
  +1.00364926517965695751e+01
  +9.82442949541505505806e+00
  +9.63090578814262165963e+00
  +9.45897351444842193757e+00
  +9.31134414899596940529e+00
  +9.19034589506796173453e+00
  +9.09788696740969271559e+00
  +9.03542549854262233566e+00
  +9.00394654314345643797e+00
  +9.00394654314345643797e+00
  +9.03542549854262233566e+00
  +9.09788696740969271559e+00
  +9.19034589506796173453e+00
  +9.31134414899596940529e+00
  +9.45897351444842371393e+00
  +9.63090578814262343599e+00
  +9.82442949541505328170e+00
  +1.00364926517965677988e+01
  +1.02637508946306432733e+01
  +1.05026202256702880788e+01
  +1.07493335328713914834e+01
  +1.09999999999999982236e+01
</dep>
<dep Out.Vt time>
  +3.21769980476788308721e+00
  +3.24396322862768560213e+00
  +3.26759764142015773913e+00
  +3.28838168542066355826e+00
  +3.30623418931044010804e+00
  +3.32120002960451676799e+00
  +3.33342880105396144330e+00
  +3.34314797050358381014e+00
  +3.35063253411910499935e+00
  +3.35617339734892539127e+00
  +3.36004674071389963785e+00
  +3.36248652518276891499e+00
  +3.36366204171365179576e+00
  +3.36366204171366822706e+00
  +3.36248652518282709067e+00
  +3.36004674071399778157e+00
  +3.35617339734907726978e+00
  +3.35063253411931594172e+00
  +3.34314797050386314226e+00
  +3.33342880105432071147e+00
  +3.32120002960496485400e+00
  +3.30623418931093393525e+00
  +3.28838168542130393490e+00
  +3.26759764142089981220e+00
  +3.24396322862847208413e+00
  +3.21769980476925887558e+00
  +3.18917465577864511772e+00
  +3.15889769281588383976e+00
  +3.12750906026348474143e+00
  +3.09575821336425560659e+00
  +3.06447558021076282841e+00
  +3.03453839220647036967e+00
  +3.00683261991240602384e+00
  +2.98221316946570125239e+00
  +2.96146457288895348370e+00
  +2.94526434886912280575e+00
  +2.93415103257221687727e+00
  +2.92849859269952927932e+00
  +2.92849859269943557649e+00
  +2.93415103257193621289e+00
  +2.94526434886866583795e+00
  +2.96146457288833575561e+00
  +2.98221316946494052758e+00
  +3.00683261991152628312e+00
  +3.03453839220549959066e+00
  +3.06447558020973298554e+00
  +3.09575821336319378929e+00
  +3.12750906026242248004e+00
  +3.15889769281484555918e+00
  +3.18917465577765701923e+00
  +3.21769980476833961092e+00
  +3.24396322862763586414e+00
  +3.26759764142015729504e+00
  +3.28838168542066267008e+00
  +3.30623418931039214641e+00
  +3.32120002960451632390e+00
  +3.33342880105396277557e+00
  +3.34314797050358381014e+00
  +3.35063253411910499935e+00
  +3.35617339734892539127e+00
  +3.36004674071389963785e+00
  +3.36248652518276891499e+00
  +3.36366204171365179576e+00
  +3.36366204171366822706e+00
  +3.36248652518282709067e+00
  +3.36004674071399778157e+00
  +3.35617339734907726978e+00
  +3.35063253411931594172e+00
  +3.34314797050386180999e+00
  +3.33342880105431982329e+00
  +3.32120002960496485400e+00
  +3.30623418931093304707e+00
  +3.28838168542130393490e+00
  +3.26759764142089981220e+00
  +3.24396322862847208413e+00
  +3.21769980476925887558e+00
  +3.18917465577864511772e+00
  +3.15889769281588383976e+00
  +3.12750906026348562960e+00
  +3.09575821336425516250e+00
  +3.06447558021076282841e+00
  +3.03453839220647081376e+00
  +3.00683261991240691202e+00
  +2.98221316946570125239e+00
  +2.96146457288895348370e+00
  +2.94526434886912324984e+00
  +2.93415103257221776545e+00
  +2.92849859269952927932e+00
  +2.92849859269943557649e+00
  +2.93415103257193621289e+00
  +2.94526434886866583795e+00
  +2.96146457288833575561e+00
  +2.98221316946494141575e+00
  +3.00683261991152628312e+00
  +3.03453839220550003475e+00
  +3.06447558020973298554e+00
  +3.09575821336319334520e+00
  +3.12750906026242248004e+00
  +3.15889769281484467101e+00
  +3.18917465577765701923e+00
  +3.21769980476834049909e+00
</dep>
<dep _net2.Vt time>
  +7.11207501515436768535e-01
  +7.11922158212615951989e-01
  +7.12606920040298907892e-01
  +7.13253199583102737158e-01
  +7.13853535168664676824e-01
  +7.14401523608681698896e-01
  +7.14891740605944514542e-01
  +7.15319657321722979226e-01
  +7.15681559321823868025e-01
  +7.15974472254841898256e-01
  +7.16196097175341495067e-01
  +7.16344757368300943945e-01
  +7.16419357795180511417e-01
  +7.16419357795182065729e-01
  +7.16344757368306606082e-01
  +7.16196097175351376052e-01
  +7.15974472254855665021e-01
  +7.15681559321840854437e-01
  +7.15319657321744517553e-01
  +7.14891740605969161493e-01
  +7.14401523608710120605e-01
  +7.13853535168696651247e-01
  +7.13253199583138486339e-01
  +7.12606920040338209787e-01
  +7.11922158212657918419e-01
  +7.11207501515459861174e-01
  +7.10472706955770805237e-01
  +7.09728707855475815514e-01
  +7.08987567481678793158e-01
  +7.08262362424684210893e-01
  +7.07566979316348598772e-01
  +7.06915812163832257831e-01
  +7.06323355029006672012e-01
  +7.05803696334548869018e-01
  +7.05369936081013393370e-01
  +7.05033563762519688289e-01
  +7.04803849510608704243e-01
  +7.04687309966642416725e-01
  +7.04687309966637864811e-01
  +7.04803849510595381567e-01
  +7.05033563762497150762e-01
  +7.05369936080983084281e-01
  +7.05803696334512231658e-01
  +7.06323355028965038649e-01
  +7.06915812163786738687e-01
  +7.07566979316300526115e-01
  +7.08262362424635028013e-01
  +7.08987567481628611077e-01
  +7.09728707855426743656e-01
  +7.10472706955723731781e-01
  +7.11207501515414342030e-01
  +7.11922158212615840966e-01
  +7.12606920040298796870e-01
  +7.13253199583102848180e-01
  +7.13853535168664787847e-01
  +7.14401523608681587874e-01
  +7.14891740605944514542e-01
  +7.15319657321723756382e-01
  +7.15681559321823979047e-01
  +7.15974472254842120300e-01
  +7.16196097175341495067e-01
  +7.16344757368300943945e-01
  +7.16419357795179845283e-01
  +7.16419357795182398796e-01
  +7.16344757368306495060e-01
  +7.16196097175351265030e-01
  +7.15974472254855776043e-01
  +7.15681559321840854437e-01
  +7.15319657321744517553e-01
  +7.14891740605969605582e-01
  +7.14401523608710786739e-01
  +7.13853535168697095337e-01
  +7.13253199583138597362e-01
  +7.12606920040338320810e-01
  +7.11922158212658140464e-01
  +7.11207501515459528107e-01
  +7.10472706955771360349e-01
  +7.09728707855476037558e-01
  +7.08987567481678460091e-01
  +7.08262362424683988849e-01
  +7.07566979316348487750e-01
  +7.06915812163832146808e-01
  +7.06323355029006672012e-01
  +7.05803696334548646973e-01
  +7.05369936081012949280e-01
  +7.05033563762519022156e-01
  +7.04803849510608926288e-01
  +7.04687309966642860815e-01
  +7.04687309966637864811e-01
  +7.04803849510595270544e-01
  +7.05033563762497372807e-01
  +7.05369936080983306326e-01
  +7.05803696334512231658e-01
  +7.06323355028964927627e-01
  +7.06915812163786405620e-01
  +7.07566979316300637137e-01
  +7.08262362424634916991e-01
  +7.08987567481629166188e-01
  +7.09728707855426965700e-01
  +7.10472706955723953826e-01
  +7.11207501515414119986e-01
</dep>
<dep _net1.Vt time>
  +1.42241500303087331503e+00
  +1.42384431642523190398e+00
  +1.42521384008059803783e+00
  +1.42650639916620525227e+00
  +1.42770707033732957569e+00
  +1.42880304721736361984e+00
  +1.42978348121188902908e+00
  +1.43063931464344573641e+00
  +1.43136311864364751401e+00
  +1.43194894450968379651e+00
  +1.43239219435068321218e+00
  +1.43268951473660188789e+00
  +1.43283871559036102283e+00
  +1.43283871559036413146e+00
  +1.43268951473661321216e+00
  +1.43239219435070253006e+00
  +1.43194894450971155209e+00
  +1.43136311864368193092e+00
  +1.43063931464348903511e+00
  +1.42978348121193854503e+00
  +1.42880304721742024121e+00
  +1.42770707033739330249e+00
  +1.42650639916627675063e+00
  +1.42521384008067619753e+00
  +1.42384431642531583684e+00
  +1.42241500303091972235e+00
  +1.42094541391154183252e+00
  +1.41945741571095140898e+00
  +1.41797513496335758632e+00
  +1.41652472484936842179e+00
  +1.41513395863269719754e+00
  +1.41383162432766451566e+00
  +1.41264671005801334402e+00
  +1.41160739266909773804e+00
  +1.41073987216202656469e+00
  +1.41006712752503937658e+00
  +1.40960769902121763053e+00
  +1.40937461993328483345e+00
  +1.40937461993327572962e+00
  +1.40960769902119054109e+00
  +1.41006712752499430152e+00
  +1.41073987216196616856e+00
  +1.41160739266902446332e+00
  +1.41264671005792985525e+00
  +1.41383162432757347737e+00
  +1.41513395863260105223e+00
  +1.41652472484926983398e+00
  +1.41797513496325744420e+00
  +1.41945741571085393140e+00
  +1.42094541391144746356e+00
  +1.42241500303082846202e+00
  +1.42384431642523168193e+00
  +1.42521384008059759374e+00
  +1.42650639916620569636e+00
  +1.42770707033732957569e+00
  +1.42880304721736317575e+00
  +1.42978348121188902908e+00
  +1.43063931464344729072e+00
  +1.43136311864364795809e+00
  +1.43194894450968401856e+00
  +1.43239219435068276809e+00
  +1.43268951473660210993e+00
  +1.43283871559036013466e+00
  +1.43283871559036479759e+00
  +1.43268951473661321216e+00
  +1.43239219435070253006e+00
  +1.43194894450971155209e+00
  +1.43136311864368148683e+00
  +1.43063931464348881306e+00
  +1.42978348121193921116e+00
  +1.42880304721742157348e+00
  +1.42770707033739441272e+00
  +1.42650639916627719472e+00
  +1.42521384008067686366e+00
  +1.42384431642531605888e+00
  +1.42241500303091883417e+00
  +1.42094541391154272070e+00
  +1.41945741571095229716e+00
  +1.41797513496335692018e+00
  +1.41652472484936797770e+00
  +1.41513395863269675345e+00
  +1.41383162432766429362e+00
  +1.41264671005801334402e+00
  +1.41160739266909707190e+00
  +1.41073987216202612061e+00
  +1.41006712752503826636e+00
  +1.40960769902121785258e+00
  +1.40937461993328572163e+00
  +1.40937461993327572962e+00
  +1.40960769902119076313e+00
  +1.41006712752499474561e+00
  +1.41073987216196661265e+00
  +1.41160739266902446332e+00
  +1.41264671005793007730e+00
  +1.41383162432757281124e+00
  +1.41513395863260127427e+00
  +1.41652472484927005603e+00
  +1.41797513496325855442e+00
  +1.41945741571085415345e+00
  +1.42094541391144790765e+00
  +1.42241500303082801793e+00
</dep>
<dep _net0.Vt time>
  +1.10000000000000000000e+01
  +1.10000000000000000000e+01
  +1.10000000000000000000e+01
  +1.10000000000000000000e+01
  +1.10000000000000000000e+01
  +1.10000000000000000000e+01
  +1.10000000000000000000e+01
  +1.10000000000000000000e+01
  +1.10000000000000000000e+01
  +1.10000000000000000000e+01
  +1.10000000000000000000e+01
  +1.10000000000000000000e+01
  +1.10000000000000000000e+01
  +1.10000000000000000000e+01
  +1.10000000000000000000e+01
  +1.10000000000000000000e+01
  +1.10000000000000000000e+01
  +1.10000000000000000000e+01
  +1.10000000000000000000e+01
  +1.10000000000000000000e+01
  +1.10000000000000000000e+01
  +1.10000000000000000000e+01
  +1.10000000000000000000e+01
  +1.10000000000000000000e+01
  +1.10000000000000000000e+01
  +1.10000000000000000000e+01
  +1.10000000000000000000e+01
  +1.10000000000000000000e+01
  +1.10000000000000000000e+01
  +1.10000000000000000000e+01
  +1.10000000000000000000e+01
  +1.10000000000000000000e+01
  +1.10000000000000000000e+01
  +1.10000000000000000000e+01
  +1.10000000000000000000e+01
  +1.10000000000000000000e+01
  +1.10000000000000000000e+01
  +1.10000000000000000000e+01
  +1.10000000000000000000e+01
  +1.10000000000000000000e+01
  +1.10000000000000000000e+01
  +1.10000000000000000000e+01
  +1.10000000000000000000e+01
  +1.10000000000000000000e+01
  +1.10000000000000000000e+01
  +1.10000000000000000000e+01
  +1.10000000000000000000e+01
  +1.10000000000000000000e+01
  +1.10000000000000000000e+01
  +1.10000000000000000000e+01
  +1.10000000000000000000e+01
  +1.10000000000000000000e+01
  +1.10000000000000000000e+01
  +1.10000000000000000000e+01
  +1.10000000000000000000e+01
  +1.10000000000000000000e+01
  +1.10000000000000000000e+01
  +1.10000000000000000000e+01
  +1.10000000000000000000e+01
  +1.10000000000000000000e+01
  +1.10000000000000000000e+01
  +1.10000000000000000000e+01
  +1.10000000000000000000e+01
  +1.10000000000000000000e+01
  +1.10000000000000000000e+01
  +1.10000000000000000000e+01
  +1.10000000000000000000e+01
  +1.10000000000000000000e+01
  +1.10000000000000000000e+01
  +1.10000000000000000000e+01
  +1.10000000000000000000e+01
  +1.10000000000000000000e+01
  +1.10000000000000000000e+01
  +1.10000000000000000000e+01
  +1.10000000000000000000e+01
  +1.10000000000000000000e+01
  +1.10000000000000000000e+01
  +1.10000000000000000000e+01
  +1.10000000000000000000e+01
  +1.10000000000000000000e+01
  +1.10000000000000000000e+01
  +1.10000000000000000000e+01
  +1.10000000000000000000e+01
  +1.10000000000000000000e+01
  +1.10000000000000000000e+01
  +1.10000000000000000000e+01
  +1.10000000000000000000e+01
  +1.10000000000000000000e+01
  +1.10000000000000000000e+01
  +1.10000000000000000000e+01
  +1.10000000000000000000e+01
  +1.10000000000000000000e+01
  +1.10000000000000000000e+01
  +1.10000000000000000000e+01
  +1.10000000000000000000e+01
  +1.10000000000000000000e+01
  +1.10000000000000000000e+01
  +1.10000000000000000000e+01
  +1.10000000000000000000e+01
  +1.10000000000000000000e+01
  +1.10000000000000000000e+01
</dep>
